-0.569 0.530 0.301 0.893 0.772 0.963 0.066 0.272 0.169 0.411
0.482 -0.524 0.521 0.930 0.930 0.668 0.071 0.814 0.689 0.641
0.457 0.250 -0.284 0.043 0.420 0.438 0.015 0.617 0.881 0.801
0.439 0.314 0.413 -0.997 0.496 0.897 0.913 0.176 0.979 0.241
0.012 0.530 0.081 0.729 -0.773 0.517 0.578 0.456 0.337 0.840
0.832 0.442 0.969 0.075 0.173 -0.694 0.456 0.272 0.411 0.932
0.973 0.815 0.068 0.465 0.509 0.230 -0.193 0.862 0.263 0.870
0.817 0.806 0.768 0.827 0.051 0.658 0.102 -0.055 0.631 0.926
0.771 0.504 0.966 0.750 0.400 0.748 0.075 0.563 -0.449 0.742
0.152 0.215 0.427 0.594 0.683 0.033 0.356 0.736 0.723 -0.030
